  0.0070   2.635e+00   5.355e-01
  0.0080   2.252e+00   3.221e-01
  0.0090   2.047e+00   2.186e-01
  0.0100   1.820e+00   1.632e-01
  0.0110   1.704e+00   1.310e-01
  0.0120   1.540e+00   1.068e-01
  0.0130   1.540e+00   9.053e-02
  0.0140   1.329e+00   7.885e-02
  0.0150   1.438e+00   6.880e-02
  0.0160   1.392e+00   6.235e-02
  0.0170   1.319e+00   5.615e-02
  0.0180   1.235e+00   5.087e-02
  0.0190   1.317e+00   4.820e-02
  0.0200   1.237e+00   4.631e-02
  0.0210   1.248e+00   4.451e-02
  0.0220   1.196e+00   4.327e-02
  0.0230   1.238e+00   4.187e-02
  0.0240   1.212e+00   4.052e-02
  0.0250   1.184e+00   3.706e-02
  0.0260   1.213e+00   3.643e-02
  0.0270   1.169e+00   3.479e-02
  0.0280   1.192e+00   3.368e-02
  0.0290   1.164e+00   3.256e-02
  0.0300   1.139e+00   3.144e-02
  0.0310   1.127e+00   3.063e-02
  0.0320   1.157e+00   2.983e-02
  0.0330   1.113e+00   2.881e-02
  0.0340   1.063e+00   2.864e-02
  0.0350   1.134e+00   2.766e-02
  0.0360   1.078e+00   2.704e-02
  0.0370   1.088e+00   2.680e-02
  0.0380   1.103e+00   2.630e-02
  0.0390   1.063e+00   2.562e-02
  0.0400   1.083e+00   2.550e-02
  0.0410   1.030e+00   2.473e-02
  0.0420   1.020e+00   2.450e-02
  0.0430   1.044e+00   2.412e-02
  0.0440   1.044e+00   2.342e-02
  0.0450   9.954e-01   2.337e-02
  0.0460   9.912e-01   2.286e-02
  0.0470   9.809e-01   2.253e-02
  0.0480   9.848e-01   2.232e-02
  0.0490   1.006e+00   2.200e-02
  0.0500   9.562e-01   2.179e-02
  0.0520   9.336e-01   1.569e-02
  0.0540   9.204e-01   1.561e-02
  0.0560   9.003e-01   1.546e-02
  0.0580   8.705e-01   1.479e-02
  0.0600   8.723e-01   1.418e-02
  0.0620   8.638e-01   1.377e-02
  0.0640   8.353e-01   1.355e-02
  0.0660   8.090e-01   1.324e-02
  0.0680   7.996e-01   1.290e-02
  0.0700   7.689e-01   1.271e-02
  0.0720   7.833e-01   1.249e-02
  0.0740   7.424e-01   1.230e-02
  0.0760   7.199e-01   1.205e-02
  0.0780   7.025e-01   1.183e-02
  0.0800   6.902e-01   1.168e-02
  0.0820   6.793e-01   1.154e-02
  0.0840   6.525e-01   1.162e-02
  0.0860   6.561e-01   1.135e-02
  0.0880   6.154e-01   1.118e-02
  0.0900   6.061e-01   1.121e-02
  0.0920   6.065e-01   1.118e-02
  0.0940   5.838e-01   1.145e-02
  0.0960   5.691e-01   1.173e-02
  0.0980   5.514e-01   1.176e-02
  0.1000   5.468e-01   1.152e-02
  0.1050   5.096e-01   7.035e-03
  0.1100   4.752e-01   6.878e-03
  0.1150   4.527e-01   6.731e-03
  0.1200   4.248e-01   6.624e-03
  0.1250   4.010e-01   6.565e-03
  0.1300   3.752e-01   6.737e-03
  0.1350   3.665e-01   6.466e-03
  0.1400   3.372e-01   6.295e-03
  0.1450   3.233e-01   6.169e-03
  0.1500   3.069e-01   6.041e-03
  0.1550   2.900e-01   5.945e-03
  0.1600   2.770e-01   6.167e-03
  0.1650   2.629e-01   5.747e-03
  0.1700   2.550e-01   5.862e-03
  0.1750   2.464e-01   6.005e-03
  0.1800   2.330e-01   6.076e-03
  0.1850   2.279e-01   6.126e-03
  0.1900   2.061e-01   6.143e-03
  0.1950   2.101e-01   6.092e-03
  0.2000   1.961e-01   6.201e-03
  0.2050   1.859e-01   6.553e-03
  0.2100   1.714e-01   6.795e-03
  0.2150   1.659e-01   6.932e-03
  0.2200   1.597e-01   5.621e-03
  0.2250   1.496e-01   5.518e-03
  0.2300   1.501e-01   5.248e-03
  0.2350   1.386e-01   5.297e-03
  0.2400   1.328e-01   5.187e-03
  0.2450   1.278e-01   5.097e-03
  0.2500   1.223e-01   5.046e-03
  0.2550   1.163e-01   5.015e-03
  0.2600   1.174e-01   4.930e-03
  0.2650   1.141e-01   5.241e-03
  0.2700   9.693e-02   5.279e-03
  0.2750   1.014e-01   5.044e-03
  0.2800   1.031e-01   5.342e-03
  0.2850   9.120e-02   5.242e-03
  0.2900   9.359e-02   5.237e-03
  0.2950   8.589e-02   4.997e-03
  0.3000   7.677e-02   5.253e-03
  0.3050   8.276e-02   5.137e-03
  0.3100   7.619e-02   5.004e-03
  0.3150   7.620e-02   5.069e-03
  0.3200   6.550e-02   5.009e-03
  0.3250   6.691e-02   4.854e-03
  0.3300   6.527e-02   4.888e-03
  0.3350   6.743e-02   4.894e-03
  0.3400   6.220e-02   4.684e-03
  0.3450   6.377e-02   4.611e-03
  0.3500   5.378e-02   4.705e-03
  0.3550   5.218e-02   4.548e-03
  0.3600   4.824e-02   4.528e-03
  0.3650   5.552e-02   4.496e-03
  0.3700   5.103e-02   4.381e-03
  0.3750   5.115e-02   4.439e-03
  0.3800   5.292e-02   4.334e-03
  0.3850   4.629e-02   4.210e-03
  0.3900   4.298e-02   4.254e-03
  0.3950   4.208e-02   4.099e-03
  0.4000   4.255e-02   4.147e-03
  0.4050   4.421e-02   4.046e-03
  0.4100   4.091e-02   4.070e-03
  0.4150   3.584e-02   4.067e-03
  0.4200   4.523e-02   4.002e-03
  0.4250   4.231e-02   3.893e-03
  0.4300   3.582e-02   3.907e-03
  0.4350   3.599e-02   3.824e-03
  0.4400   3.816e-02   3.882e-03
  0.4450   3.442e-02   3.870e-03
  0.4500   3.338e-02   3.693e-03
  0.4550   3.326e-02   3.782e-03
  0.4600   3.276e-02   3.729e-03
  0.4650   2.769e-02   3.613e-03
  0.4700   2.757e-02   3.673e-03
  0.4750   3.010e-02   3.675e-03
  0.4800   2.543e-02   3.589e-03
  0.4850   2.821e-02   3.562e-03
  0.4900   3.173e-02   3.560e-03
  0.4950   2.846e-02   3.534e-03
  0.5000   2.559e-02   3.547e-03
