        0.0070000000         2.0124441170         0.0411794128
        0.0080000000         2.0100344557         0.0408850076
        0.0090000000         2.0073078749         0.0405581623
        0.0100000000         2.0042660037         0.0402015102
        0.0110000000         2.0009106569         0.0398180386
        0.0120000000         1.9972438340         0.0394111014
        0.0130000000         1.9932677166         0.0389844324
        0.0140000000         1.9889846666         0.0385421567
        0.0150000000         1.9843972235         0.0380888007
        0.0160000000         1.9795081021         0.0376292989
        0.0170000000         1.9743201899         0.0371689952
        0.0180000000         1.9688365438         0.0367136371
        0.0190000000         1.9630603877         0.0362693602
        0.0200000000         1.9569951085         0.0358426607
        0.0210000000         1.9506442537         0.0354403512
        0.0220000000         1.9440115270         0.0350694993
        0.0230000000         1.9371007852         0.0347373447
        0.0240000000         1.9299160343         0.0344511942
        0.0250000000         1.9224614254         0.0342182939
        0.0260000000         1.9147412509         0.0340456820
        0.0270000000         1.9067599402         0.0339400251
        0.0280000000         1.8985220552         0.0339074467
        0.0290000000         1.8900322861         0.0339533572
        0.0300000000         1.8812954469         0.0340822963
        0.0310000000         1.8723164705         0.0342978011
        0.0320000000         1.8631004042         0.0346023086
        0.0330000000         1.8536524047         0.0349971018
        0.0340000000         1.8439777333         0.0354823029
        0.0350000000         1.8340817508         0.0360569120
        0.0360000000         1.8239699123         0.0367188870
        0.0370000000         1.8136477625         0.0374652555
        0.0380000000         1.8031209298         0.0382922490
        0.0390000000         1.7923951217         0.0391954475
        0.0400000000         1.7814761190         0.0401699250
        0.0410000000         1.7703697708         0.0412103889
        0.0420000000         1.7590819885         0.0423113055
        0.0430000000         1.7476187412         0.0434670100
        0.0440000000         1.7359860497         0.0446717981
        0.0450000000         1.7241899809         0.0459200010
        0.0460000000         1.7122366430         0.0472060428
        0.0470000000         1.7001321791         0.0485244845
        0.0480000000         1.6878827626         0.0498700549
        0.0490000000         1.6754945911         0.0512376719
        0.0500000000         1.6629738812         0.0526224551
        0.0520000000         1.6375597749         0.0554250425
        0.0540000000         1.6116903504         0.0582429559
        0.0560000000         1.5854154735         0.0610446033
        0.0580000000         1.5587848020         0.0638014831
        0.0600000000         1.5318476208         0.0664879674
        0.0620000000         1.5046526832         0.0690810874
        0.0640000000         1.4772480569         0.0715603383
        0.0660000000         1.4496809758         0.0739075094
        0.0680000000         1.4219976991         0.0761065412
        0.0700000000         1.3942433771         0.0781434045
        0.0720000000         1.3664619258         0.0800059981
        0.0740000000         1.3386959087         0.0816840611
        0.0760000000         1.3109864283         0.0831690956
        0.0780000000         1.2833730267         0.0844542966
        0.0800000000         1.2558935958         0.0855344860
        0.0820000000         1.2285842968         0.0864060492
        0.0840000000         1.2014794910         0.0870668712
        0.0860000000         1.1746116794         0.0875162727
        0.0880000000         1.1480114540         0.0877549438
        0.0900000000         1.1217074586         0.0877848751
        0.0920000000         1.0957263601         0.0876092860
        0.0940000000         1.0700928305         0.0872325506
        0.0960000000         1.0448295381         0.0866601189
        0.0980000000         1.0199571495         0.0858984372
        0.1000000000         0.9954943404         0.0849548639
        0.1050000000         0.9362340867         0.0818556663
        0.1100000000         0.8798415552         0.0778190973
        0.1150000000         0.8264541146         0.0730115667
        0.1200000000         0.7761436221         0.0676109481
        0.1250000000         0.7289236139         0.0617982948
        0.1300000000         0.6847574053         0.0557503086
        0.1350000000         0.6435666819         0.0496329015
        0.1400000000         0.6052401745         0.0435961472
        0.1450000000         0.5696420469         0.0377708725
        0.1500000000         0.5366196812         0.0322670990
        0.1550000000         0.5060106119         0.0271745360
        0.1600000000         0.4776484417         0.0225653462
        0.1650000000         0.4513676510         0.0184994249
        0.1700000000         0.4270072912         0.0150321483
        0.1750000000         0.4044136220         0.0122227942
        0.1800000000         0.3834418039         0.0101356710
        0.1850000000         0.3639568012         0.0088148392
        0.1900000000         0.3458336624         0.0082224827
        0.1950000000         0.3289573538         0.0081988322
        0.2000000000         0.3132223056         0.0085185625
        0.2050000000         0.2985318042         0.0089841093
        0.2100000000         0.2847973344         0.0094638363
        0.2150000000         0.2719379396         0.0098824556
        0.2200000000         0.2598796361         0.0102011194
        0.2250000000         0.2485548894         0.0104024399
        0.2300000000         0.2379021446         0.0104814808
        0.2350000000         0.2278653889         0.0104406664
        0.2400000000         0.2183937271         0.0102868806
        0.2450000000         0.2094409523         0.0100297376
        0.2500000000         0.2009651065         0.0096804906
        0.2550000000         0.1929280365         0.0092513192
        0.2600000000         0.1852949589         0.0087548723
        0.2650000000         0.1780340574         0.0082040048
        0.2700000000         0.1711161351         0.0076116646
        0.2750000000         0.1645143432         0.0069908937
        0.2800000000         0.1582039969         0.0063549124
        0.2850000000         0.1521624817         0.0057172626
        0.2900000000         0.1463692386         0.0050919954
        0.2950000000         0.1408058061         0.0044938831
        0.3000000000         0.1354558894         0.0039385864
        0.3050000000         0.1303054226         0.0034425667
        0.3100000000         0.1253425922         0.0030222493
        0.3150000000         0.1205577949         0.0026916223
        0.3200000000         0.1159435153         0.0024577739
        0.3250000000         0.1114941182         0.0023158859
        0.3300000000         0.1072055674         0.0022478186
        0.3350000000         0.1030750898         0.0022269264
        0.3400000000         0.0991008150         0.0022260111
        0.3450000000         0.0952814209         0.0022232386
        0.3500000000         0.0916158154         0.0022042721
        0.3550000000         0.0881028785         0.0021618674
        0.3600000000         0.0847412784         0.0020944761
        0.3650000000         0.0815293640         0.0020046685
        0.3700000000         0.0784651257         0.0018976514
        0.3750000000         0.0755462055         0.0017799474
        0.3800000000         0.0727699351         0.0016582653
        0.3850000000         0.0701333746         0.0015386042
        0.3900000000         0.0676333312         0.0014256446
        0.3950000000         0.0652663437         0.0013224742
        0.4000000000         0.0630286265         0.0012306532
        0.4050000000         0.0609159800         0.0011505721
        0.4100000000         0.0589236814         0.0010819995
        0.4150000000         0.0570463808         0.0010246926
        0.4200000000         0.0552780265         0.0009789334
        0.4250000000         0.0536118466         0.0009458351
        0.4300000000         0.0520404046         0.0009272428
        0.4350000000         0.0505557413         0.0009250984
        0.4400000000         0.0491495989         0.0009403641
        0.4450000000         0.0478137160         0.0009719642
        0.4500000000         0.0465401655         0.0010163338
        0.4550000000         0.0453217042         0.0010678142
        0.4600000000         0.0441520943         0.0011196175
        0.4650000000         0.0430263614         0.0011648988
        0.4700000000         0.0419409567         0.0011976438
        0.4750000000         0.0408938016         0.0012132872
        0.4800000000         0.0398842076         0.0012090833
        0.4850000000         0.0389126749         0.0011842702
        0.4900000000         0.0379805907         0.0011400685
        0.4950000000         0.0370898566         0.0010795480
        0.5000000000         0.0362424837         0.0010074003
