        0.0070000000         1.1547873729         0.0236297076
        0.0080000000         1.1534046530         0.0234607710
        0.0090000000         1.1518400774         0.0232732195
        0.0100000000         1.1500945807         0.0230685642
        0.0110000000         1.1481692045         0.0228485193
        0.0120000000         1.1460650960         0.0226150092
        0.0130000000         1.1437835071         0.0223701766
        0.0140000000         1.1413257931         0.0221163885
        0.0150000000         1.1386934112         0.0218562422
        0.0160000000         1.1358879194         0.0215925694
        0.0170000000         1.1329109743         0.0213284364
        0.0180000000         1.1297643303         0.0210671413
        0.0190000000         1.1264498372         0.0208122048
        0.0200000000         1.1229694385         0.0205673547
        0.0210000000         1.1193251699         0.0203365001
        0.0220000000         1.1155191566         0.0201236967
        0.0230000000         1.1115536118         0.0199330986
        0.0240000000         1.1074308341         0.0197688988
        0.0250000000         1.1031532057         0.0196352551
        0.0260000000         1.0987231895         0.0195362064
        0.0270000000         1.0941433273         0.0194755780
        0.0280000000         1.0894162367         0.0194568838
        0.0290000000         1.0845446092         0.0194832283
        0.0300000000         1.0795312071         0.0195572166
        0.0310000000         1.0743788610         0.0196808782
        0.0320000000         1.0690904672         0.0198556117
        0.0330000000         1.0636689847         0.0200821533
        0.0340000000         1.0581174326         0.0203605730
        0.0350000000         1.0524388870         0.0206902971
        0.0360000000         1.0466364782         0.0210701538
        0.0370000000         1.0407133879         0.0214984375
        0.0380000000         1.0346728458         0.0219729856
        0.0390000000         1.0285181269         0.0224912619
        0.0400000000         1.0222525485         0.0230504399
        0.0410000000         1.0158794668         0.0236474823
        0.0420000000         1.0094022741         0.0242792140
        0.0430000000         1.0028243954         0.0249423842
        0.0440000000         0.9961492857         0.0256337197
        0.0450000000         0.9893804263         0.0263499676
        0.0460000000         0.9825213222         0.0270879284
        0.0470000000         0.9755754985         0.0278444810
        0.0480000000         0.9685464976         0.0286166007
        0.0490000000         0.9614378759         0.0294013712
        0.0500000000         0.9542532005         0.0301959921
        0.0520000000         0.9396699935         0.0318041821
        0.0540000000         0.9248255144         0.0334211666
        0.0560000000         0.9097483772         0.0350288172
        0.0580000000         0.8944670767         0.0366107791
        0.0600000000         0.8790098939         0.0381523465
        0.0620000000         0.8634048044         0.0396403392
        0.0640000000         0.8476793906         0.0410629912
        0.0660000000         0.8318607565         0.0424098527
        0.0680000000         0.8159754466         0.0436717085
        0.0700000000         0.8000493694         0.0448405082
        0.0720000000         0.7841077246         0.0459093078
        0.0740000000         0.7681749363         0.0468722195
        0.0760000000         0.7522745902         0.0477243669
        0.0780000000         0.7364293763         0.0484618452
        0.0800000000         0.7206610379         0.0490816831
        0.0820000000         0.7049903252         0.0495818064
        0.0840000000         0.6894369554         0.0499610014
        0.0860000000         0.6740195784         0.0502188785
        0.0880000000         0.6587557487         0.0503558336
        0.0900000000         0.6436619026         0.0503730088
        0.0920000000         0.6287533423         0.0502722517
        0.0940000000         0.6140442251         0.0500560721
        0.0960000000         0.5995475587         0.0497275975
        0.0980000000         0.5852752020         0.0492905268
        0.1000000000         0.5712378716         0.0487490824
        0.1050000000         0.5372329558         0.0469706905
        0.1100000000         0.5048736059         0.0446544131
        0.1150000000         0.4742386473         0.0418957399
        0.1200000000         0.4453693133         0.0387967390
        0.1250000000         0.4182733712         0.0354613030
        0.1300000000         0.3929297706         0.0319908274
        0.1350000000         0.3692935727         0.0284805165
        0.1400000000         0.3473009288         0.0250164861
        0.1450000000         0.3268738929         0.0216738076
        0.1500000000         0.3079248893         0.0185156140
        0.1550000000         0.2903606914         0.0155933826
        0.1600000000         0.2740858166         0.0129485220
        0.1650000000         0.2590052859         0.0106154015
        0.1700000000         0.2450267433         0.0086257973
        0.1750000000         0.2320619689         0.0070137244
        0.1800000000         0.2200278506         0.0058160844
        0.1850000000         0.2088469015         0.0050581603
        0.1900000000         0.1984474218         0.0047182523
        0.1950000000         0.1887634023         0.0047046812
        0.2000000000         0.1797342646         0.0048881499
        0.2050000000         0.1713045123         0.0051552915
        0.2100000000         0.1634233531         0.0054305700
        0.2150000000         0.1560443325         0.0056707835
        0.2200000000         0.1491249967         0.0058536403
        0.2250000000         0.1426265929         0.0059691626
        0.2300000000         0.1365137994         0.0060145182
        0.2350000000         0.1307544749         0.0059910979
        0.2400000000         0.1253194145         0.0059028520
        0.2450000000         0.1201821035         0.0057552974
        0.2500000000         0.1153184655         0.0055548913
        0.2550000000         0.1107066073         0.0053086227
        0.2600000000         0.1063265693         0.0050237499
        0.2650000000         0.1021600946         0.0047076493
        0.2700000000         0.0981904295         0.0043677507
        0.2750000000         0.0944021673         0.0040115379
        0.2800000000         0.0907811434         0.0036465970
        0.2850000000         0.0873143810         0.0032806986
        0.2900000000         0.0839900830         0.0029219057
        0.2950000000         0.0807976557         0.0025786950
        0.3000000000         0.0777277488         0.0022600527
        0.3050000000         0.0747722908         0.0019754251
        0.3100000000         0.0719245029         0.0017342372
        0.3150000000         0.0691788746         0.0015445157
        0.3200000000         0.0665310934         0.0014103280
        0.3250000000         0.0639779255         0.0013289093
        0.3300000000         0.0615170550         0.0012898507
        0.3350000000         0.0591468907         0.0012778623
        0.3400000000         0.0568663591         0.0012773371
        0.3450000000         0.0546747017         0.0012757462
        0.3500000000         0.0525712917         0.0012648628
        0.3550000000         0.0505554866         0.0012405300
        0.3600000000         0.0486265221         0.0012018592
        0.3650000000         0.0467834507         0.0011503256
        0.3700000000         0.0450251192         0.0010889166
        0.3750000000         0.0433501748         0.0010213753
        0.3800000000         0.0417570861         0.0009515513
        0.3850000000         0.0402441661         0.0008828870
        0.3900000000         0.0388095829         0.0008180682
        0.3950000000         0.0374513503         0.0007588665
        0.4000000000         0.0361672960         0.0007061775
        0.4050000000         0.0349550101         0.0006602251
        0.4100000000         0.0338117827         0.0006208765
        0.4150000000         0.0327345439         0.0005879925
        0.4200000000         0.0317198209         0.0005617348
        0.4250000000         0.0307637280         0.0005427422
        0.4300000000         0.0298619980         0.0005320736
        0.4350000000         0.0290100635         0.0005308430
        0.4400000000         0.0282031862         0.0005396029
        0.4450000000         0.0274366254         0.0005577357
        0.4500000000         0.0267058325         0.0005831960
        0.4550000000         0.0260066510         0.0006127367
        0.4600000000         0.0253355015         0.0006424626
        0.4650000000         0.0246895297         0.0006684461
        0.4700000000         0.0240666992         0.0006872359
        0.4750000000         0.0234658172         0.0006962125
        0.4800000000         0.0228864886         0.0006938002
        0.4850000000         0.0223290005         0.0006795619
        0.4900000000         0.0217941488         0.0006541979
        0.4950000000         0.0212830248         0.0006194698
        0.5000000000         0.0207967825         0.0005780698
