        0.0070000000         1.1423728669         0.0232334548
        0.0080000000         1.1410133342         0.0230673512
        0.0090000000         1.1394749954         0.0228829448
        0.0100000000         1.1377587694         0.0226817214
        0.0110000000         1.1358656803         0.0224653664
        0.0120000000         1.1337968561         0.0222357722
        0.0130000000         1.1315535278         0.0219950452
        0.0140000000         1.1291370278         0.0217455129
        0.0150000000         1.1265487891         0.0214897292
        0.0160000000         1.1237903432         0.0212304779
        0.0170000000         1.1208633194         0.0209707742
        0.0180000000         1.1177694423         0.0207138608
        0.0190000000         1.1145105307         0.0204631995
        0.0200000000         1.1110884958         0.0202224553
        0.0210000000         1.1075053389         0.0199954720
        0.0220000000         1.1037631496         0.0197862371
        0.0230000000         1.0998641040         0.0195988353
        0.0240000000         1.0958104623         0.0194373889
        0.0250000000         1.0916045666         0.0193059864
        0.0260000000         1.0872488385         0.0192085986
        0.0270000000         1.0827457772         0.0191489869
        0.0280000000         1.0780979564         0.0191306062
        0.0290000000         1.0733080225         0.0191565089
        0.0300000000         1.0683786915         0.0192292565
        0.0310000000         1.0633127464         0.0193508444
        0.0320000000         1.0581130351         0.0195226478
        0.0330000000         1.0527824669         0.0197453904
        0.0340000000         1.0473240102         0.0200191412
        0.0350000000         1.0417406896         0.0203433361
        0.0360000000         1.0360355830         0.0207168228
        0.0370000000         1.0302118185         0.0211379245
        0.0380000000         1.0242725718         0.0216045149
        0.0390000000         1.0182210630         0.0221141001
        0.0400000000         1.0120605538         0.0226639010
        0.0410000000         1.0057943440         0.0232509315
        0.0420000000         0.9994257690         0.0238720695
        0.0430000000         0.9929581965         0.0245241188
        0.0440000000         0.9863950234         0.0252038611
        0.0450000000         0.9797396728         0.0259080981
        0.0460000000         0.9729955908         0.0266336838
        0.0470000000         0.9661662435         0.0273775496
        0.0480000000         0.9592551137         0.0281367214
        0.0490000000         0.9522656983         0.0289083319
        0.0500000000         0.9452015046         0.0296896276
        0.0520000000         0.9308628473         0.0312708495
        0.0540000000         0.9162672991         0.0328607182
        0.0560000000         0.9014429944         0.0344414098
        0.0580000000         0.8864179501         0.0359968433
        0.0600000000         0.8712199728         0.0375125598
        0.0620000000         0.8558765691         0.0389756000
        0.0640000000         0.8404148590         0.0403743951
        0.0660000000         0.8248614917         0.0416986707
        0.0680000000         0.8092425667         0.0429393661
        0.0700000000         0.7935835580         0.0440885659
        0.0720000000         0.7779092429         0.0451394426
        0.0740000000         0.7622436357         0.0460862069
        0.0760000000         0.7466099266         0.0469240645
        0.0780000000         0.7310304253         0.0476491758
        0.0800000000         0.7155265103         0.0482586195
        0.0820000000         0.7001185839         0.0487503560
        0.0840000000         0.6848260327         0.0491231923
        0.0860000000         0.6696671937         0.0493767450
        0.0880000000         0.6546593272         0.0495114034
        0.0900000000         0.6398185937         0.0495282906
        0.0920000000         0.6251600390         0.0494292232
        0.0940000000         0.6106975829         0.0492166687
        0.0960000000         0.5964440149         0.0488937024
        0.0980000000         0.5824109950         0.0484639610
        0.1000000000         0.5686090603         0.0479315962
        0.1050000000         0.5351743818         0.0461830267
        0.1100000000         0.5033576744         0.0439055915
        0.1150000000         0.4732364414         0.0411931792
        0.1200000000         0.4448512248         0.0381461463
        0.1250000000         0.4182096617         0.0348666431
        0.1300000000         0.3932910546         0.0314543648
        0.1350000000         0.3700512184         0.0280029193
        0.1400000000         0.3484273749         0.0245969781
        0.1450000000         0.3283428853         0.0213103538
        0.1500000000         0.3097116425         0.0182051208
        0.1550000000         0.2924419832         0.0153318931
        0.1600000000         0.2764400261         0.0127313848
        0.1650000000         0.2616123848         0.0104373890
        0.1700000000         0.2478682520         0.0084811490
        0.1750000000         0.2351208873         0.0068961094
        0.1800000000         0.2232885723         0.0057185530
        0.1850000000         0.2122951195         0.0049733387
        0.1900000000         0.2020700313         0.0046391307
        0.1950000000         0.1925484057         0.0046257871
        0.2000000000         0.1836706800         0.0048061792
        0.2050000000         0.1753822884         0.0050688411
        0.2100000000         0.1676332905         0.0053395034
        0.2150000000         0.1603780106         0.0055756887
        0.2200000000         0.1535747069         0.0057554790
        0.2250000000         0.1471852766         0.0058690642
        0.2300000000         0.1411749902         0.0059136591
        0.2350000000         0.1355122453         0.0058906316
        0.2400000000         0.1301683268         0.0058038655
        0.2450000000         0.1251171647         0.0056587853
        0.2500000000         0.1203350863         0.0054617399
        0.2550000000         0.1158005656         0.0052196010
        0.2600000000         0.1114939776         0.0049395053
        0.2650000000         0.1073973717         0.0046287055
        0.2700000000         0.1034942749         0.0042945067
        0.2750000000         0.0997695391         0.0039442673
        0.2800000000         0.0962092370         0.0035854462
        0.2850000000         0.0928006097         0.0032256837
        0.2900000000         0.0895320578         0.0028729075
        0.2950000000         0.0863931651         0.0025354522
        0.3000000000         0.0833747382         0.0022221533
        0.3050000000         0.0804688411         0.0019422986
        0.3100000000         0.0776688085         0.0017051553
        0.3150000000         0.0749692224         0.0015186153
        0.3200000000         0.0723658425         0.0013866778
        0.3250000000         0.0698554894         0.0013066245
        0.3300000000         0.0674358859         0.0012682209
        0.3350000000         0.0651054674         0.0012564335
        0.3400000000         0.0628631787         0.0012559171
        0.3450000000         0.0607082737         0.0012543529
        0.3500000000         0.0586401364         0.0012436520
        0.3550000000         0.0566581348         0.0012197272
        0.3600000000         0.0547615176         0.0011817049
        0.3650000000         0.0529493532         0.0011310355
        0.3700000000         0.0512205077         0.0010706563
        0.3750000000         0.0495736508         0.0010042476
        0.3800000000         0.0480072770         0.0009355945
        0.3850000000         0.0465197276         0.0008680816
        0.3900000000         0.0451092013         0.0008043498
        0.3950000000         0.0437737452         0.0007461409
        0.4000000000         0.0425112236         0.0006943354
        0.4050000000         0.0413192668         0.0006491536
        0.4100000000         0.0401952105         0.0006104649
        0.4150000000         0.0391360362         0.0005781323
        0.4200000000         0.0381383294         0.0005523150
        0.4250000000         0.0371982695         0.0005336408
        0.4300000000         0.0363116608         0.0005231511
        0.4350000000         0.0354740126         0.0005219412
        0.4400000000         0.0346806661         0.0005305541
        0.4450000000         0.0339269599         0.0005483829
        0.4500000000         0.0332084218         0.0005734163
        0.4550000000         0.0325209651         0.0006024616
        0.4600000000         0.0318610703         0.0006316890
        0.4650000000         0.0312259310         0.0006572367
        0.4700000000         0.0306135449         0.0006757115
        0.4750000000         0.0300227392         0.0006845375
        0.4800000000         0.0294531255         0.0006821657
        0.4850000000         0.0289049861         0.0006681661
        0.4900000000         0.0283791035         0.0006432275
        0.4950000000         0.0278765507         0.0006090818
        0.5000000000         0.0273984622         0.0005683760
