        0.0070000000    526057.1378112127     10764.3853888546
        0.0080000000    525427.2472555574     10687.4272444720
        0.0090000000    524714.5132957567     10601.9891949816
        0.0100000000    523919.3617289789     10508.7595861706
        0.0110000000    523042.2670088327     10408.5192881701
        0.0120000000    522083.7517688116     10302.1450577262
        0.0130000000    521044.3863013200     10190.6128801058
        0.0140000000    519924.7879867050     10075.0010697253
        0.0150000000    518725.6206778559      9956.4928624033
        0.0160000000    517447.5940374906      9836.3781296703
        0.0170000000    516091.4628334224      9716.0537647813
        0.0180000000    514658.0261861293      9597.0221822276
        0.0190000000    513148.1267785808      9480.8872789698
        0.0200000000    511562.6500176961      9369.3471189377
        0.0210000000    509902.5231621194      9264.1825656605
        0.0220000000    508168.7144050398      9167.2411007869
        0.0230000000    506362.2319206953      9080.4151958402
        0.0240000000    504484.1228737127      9005.6148371123
        0.0250000000    502535.4723913457      8944.7342110105
        0.0260000000    500517.4025021110      8899.6130940833
        0.0270000000    498431.0710406673      8871.9941571174
        0.0280000000    496277.6705198941      8863.4781035844
        0.0290000000    494058.4269741189      8875.4791946562
        0.0300000000    491774.5987710102      8909.1841587667
        0.0310000000    489427.4753982564      8965.5175687263
        0.0320000000    487018.3762215936      9045.1164638018
        0.0330000000    484548.6492216238      9148.3162472801
        0.0340000000    482019.6697030967      9275.1488412006
        0.0350000000    479432.8389873321      9425.3528697629
        0.0360000000    476789.5830826309      9598.3945187356
        0.0370000000    474091.3513361487      9793.4968272968
        0.0380000000    471339.6150713671     10009.6746797244
        0.0390000000    468535.8662087467     10245.7726538158
        0.0400000000    465681.6158750591     10500.5031364805
        0.0410000000    462778.3930002133     10772.4825999057
        0.0420000000    459827.7429053648     11060.2645322138
        0.0430000000    456831.2258824737     11362.3681162129
        0.0440000000    453790.4157689848     11677.3022771508
        0.0450000000    450706.8985160409     12003.5851345925
        0.0460000000    447582.2707567745     12339.7591720434
        0.0470000000    444418.1383714819     12684.4026129681
        0.0480000000    441216.1150549666     13036.1375707942
        0.0490000000    437977.8208856635     13393.6355406226
        0.0500000000    434704.8809001403     13755.6207751819
        0.0520000000    428061.5799014216     14488.2230443543
        0.0540000000    421299.2577478307     15224.8315445240
        0.0560000000    414430.9495154134     15957.1880851293
        0.0580000000    407469.6357873968     16677.8422728188
        0.0600000000    400428.1997899003     17380.0949424234
        0.0620000000    393319.3857424747     18057.9419981886
        0.0640000000    386155.7586128215     18706.0233925473
        0.0660000000    378949.6654564509     19319.5788668933
        0.0680000000    371713.1985104113     19894.4104335333
        0.0700000000    364458.1602015020     20426.8508067572
        0.0720000000    357196.0302140050     20913.7367039008
        0.0740000000    349937.9347523528     21352.3859048509
        0.0760000000    342694.6181164974     21740.5770487356
        0.0780000000    335476.4166967351     22076.5312906968
        0.0800000000    328293.2354761803     22358.8950888522
        0.0820000000    321154.5271165426     22586.7235403602
        0.0840000000    314069.2736831987     22759.4638124319
        0.0860000000    307045.9710513494     22876.9383270592
        0.0880000000    300092.6160172165     22939.3274537521
        0.0900000000    293216.6961211163     22947.1515425184
        0.0920000000    286425.1821719792     22901.2521981521
        0.0940000000    279724.5234469470     22802.7727501391
        0.0960000000    273120.6455214389     22653.1379188190
        0.0980000000    266618.9506699871     22454.0327159141
        0.1000000000    260224.3207617372     22207.3806484834
        0.1050000000    244733.5654123429     21397.2438514815
        0.1100000000    229992.4387082691     20342.0762111667
        0.1150000000    216036.8491034590     19085.3775608604
        0.1200000000    202885.5802375524     17673.6444693410
        0.1250000000    190542.1704735883     16154.2046428624
        0.1300000000    178997.0303734877     14573.2482886319
        0.1350000000    168229.6883816741     12974.1451534621
        0.1400000000    158211.0584781993     11396.1248508992
        0.1450000000    148905.6328330202      9873.3857531789
        0.1500000000    140273.5167706759      8434.6877635888
        0.1550000000    132272.2414733978      7103.4810528656
        0.1600000000    124858.3103461111      5898.6290960273
        0.1650000000    117988.4562047571      4835.7886951523
        0.1700000000    111620.6067816345      3929.4352708857
        0.1750000000    105714.5739646437      3195.0641971256
        0.1800000000    100232.4964895718      2649.4857909860
        0.1850000000     95139.0756799240      2304.2175658113
        0.1900000000     90401.6489470152      2149.3743165250
        0.1950000000     85990.1462817302      2143.1920354269
        0.2000000000     81876.9714925237      2226.7702126964
        0.2050000000     78036.8434273036      2348.4651371704
        0.2100000000     74446.6240347941      2473.8667867906
        0.2150000000     71085.1511152121      2583.2947528529
        0.2200000000     67933.0851347870      2666.5941382800
        0.2250000000     64972.7724673760      2719.2197244416
        0.2300000000     62188.1224941647      2739.8811982964
        0.2350000000     59564.4933877742      2729.2122268744
        0.2400000000     57088.5810147650      2689.0122857434
        0.2450000000     54748.3067858229      2621.7945631452
        0.2500000000     52532.7028243759      2530.5006729096
        0.2550000000     50431.7957713173      2418.3143527381
        0.2600000000     48436.4931797029      2288.5420852750
        0.2650000000     46538.4781978387      2144.5441687294
        0.2700000000     44730.1187292918      1989.7051868439
        0.2750000000     43004.3963926047      1827.4343626442
        0.2800000000     41354.8585409508      1661.1875107818
        0.2850000000     39775.5937198751      1494.5045023419
        0.2900000000     38261.2277592738      1331.0583431120
        0.2950000000     36806.9347807836      1174.7105343335
        0.3000000000     35408.4552689233      1029.5547897795
        0.3050000000     34062.1123804464       899.8941980566
        0.3100000000     32764.8180291423       790.0223481372
        0.3150000000     31514.0619353079       703.5957595757
        0.3200000000     30307.8795097084       642.4672899610
        0.3250000000     29144.7977239319       605.3774603753
        0.3300000000     28023.7614820779       587.5845158406
        0.3350000000     26944.0459255212       582.1232712387
        0.3400000000     25905.1621252643       581.8839952414
        0.3450000000     24906.7644483010       581.1592720767
        0.3500000000     23948.5674250694       576.2013902129
        0.3550000000     23030.2783034235       565.1167050713
        0.3600000000     22151.5489475275       547.5004727298
        0.3650000000     21311.9477612706       524.0245850547
        0.3700000000     20510.9493828543       496.0500820827
        0.3750000000     19747.9374901880       465.2819951932
        0.3800000000     19022.2145605502       433.4740590250
        0.3850000000     18333.0120714383       402.1943915724
        0.3900000000     17679.4954503281       372.6665188239
        0.3950000000     17060.7599220323       345.6975435745
        0.4000000000     16475.8159389038       321.6953453774
        0.4050000000     15923.5656732657       300.7619782584
        0.4100000000     15402.7746230560       282.8369434898
        0.4150000000     14912.0442858901       267.8568148179
        0.4200000000     14449.7927548530       255.8952674195
        0.4250000000     14014.2498023709       247.2432791335
        0.4300000000     13603.4715552702       242.3832334218
        0.4350000000     13215.3774197456       241.8226731348
        0.4400000000     12847.8088407002       245.8131617411
        0.4450000000     12498.6062292120       254.0734952201
        0.4500000000     12165.6974514120       265.6717900941
        0.4550000000     11847.1890884896       279.1288939018
        0.4600000000     11541.4505911946       292.6703777835
        0.4650000000     11247.1816473934       304.5069992886
        0.4700000000     10963.4545604732       313.0666144824
        0.4750000000     10689.7260215332       317.1558446253
        0.4800000000     10425.8160180152       316.0569195715
        0.4850000000     10171.8553200334       309.5707340576
        0.4900000000      9928.2065456884       298.0162991393
        0.4950000000      9695.3667756011       282.1961268748
        0.5000000000      9473.8616984312       263.3365564462
