  0.0070   4.501e+00   5.591e-01
  0.0080   3.954e+00   3.337e-01
  0.0090   3.642e+00   2.285e-01
  0.0100   3.286e+00   1.714e-01
  0.0110   3.250e+00   1.349e-01
  0.0120   2.906e+00   1.122e-01
  0.0130   2.914e+00   9.527e-02
  0.0140   2.766e+00   8.303e-02
  0.0150   2.716e+00   7.312e-02
  0.0160   2.501e+00   6.577e-02
  0.0170   2.492e+00   6.041e-02
  0.0180   2.470e+00   5.439e-02
  0.0190   2.360e+00   5.207e-02
  0.0200   2.322e+00   5.054e-02
  0.0210   2.250e+00   4.785e-02
  0.0220   2.275e+00   4.675e-02
  0.0230   2.240e+00   4.502e-02
  0.0240   2.163e+00   4.343e-02
  0.0250   2.152e+00   4.020e-02
  0.0260   2.100e+00   3.882e-02
  0.0270   2.065e+00   3.749e-02
  0.0280   2.093e+00   3.631e-02
  0.0290   2.095e+00   3.488e-02
  0.0300   2.029e+00   3.393e-02
  0.0310   2.035e+00   3.289e-02
  0.0320   1.973e+00   3.206e-02
  0.0330   1.926e+00   3.099e-02
  0.0340   1.886e+00   3.056e-02
  0.0350   1.927e+00   2.989e-02
  0.0360   1.884e+00   2.902e-02
  0.0370   1.920e+00   2.851e-02
  0.0380   1.857e+00   2.798e-02
  0.0390   1.847e+00   2.732e-02
  0.0400   1.809e+00   2.650e-02
  0.0410   1.839e+00   2.649e-02
  0.0420   1.797e+00   2.615e-02
  0.0430   1.772e+00   2.560e-02
  0.0440   1.771e+00   2.513e-02
  0.0450   1.751e+00   2.486e-02
  0.0460   1.751e+00   2.469e-02
  0.0470   1.699e+00   2.398e-02
  0.0480   1.723e+00   2.370e-02
  0.0490   1.664e+00   2.348e-02
  0.0500   1.694e+00   2.312e-02
  0.0520   1.622e+00   1.669e-02
  0.0540   1.596e+00   1.652e-02
  0.0560   1.586e+00   1.646e-02
  0.0580   1.522e+00   1.565e-02
  0.0600   1.498e+00   1.505e-02
  0.0620   1.475e+00   1.468e-02
  0.0640   1.431e+00   1.435e-02
  0.0660   1.416e+00   1.406e-02
  0.0680   1.388e+00   1.365e-02
  0.0700   1.347e+00   1.343e-02
  0.0720   1.311e+00   1.308e-02
  0.0740   1.291e+00   1.290e-02
  0.0760   1.264e+00   1.270e-02
  0.0780   1.234e+00   1.245e-02
  0.0800   1.200e+00   1.222e-02
  0.0820   1.169e+00   1.209e-02
  0.0840   1.130e+00   1.224e-02
  0.0860   1.135e+00   1.188e-02
  0.0880   1.098e+00   1.163e-02
  0.0900   1.052e+00   1.171e-02
  0.0920   1.045e+00   1.175e-02
  0.0940   1.010e+00   1.187e-02
  0.0960   9.833e-01   1.215e-02
  0.0980   9.559e-01   1.226e-02
  0.1000   9.430e-01   1.195e-02
  0.1050   8.903e-01   7.317e-03
  0.1100   8.363e-01   7.093e-03
  0.1150   7.846e-01   6.945e-03
  0.1200   7.423e-01   6.809e-03
  0.1250   7.032e-01   6.742e-03
  0.1300   6.635e-01   6.899e-03
  0.1350   6.176e-01   6.584e-03
  0.1400   5.853e-01   6.415e-03
  0.1450   5.682e-01   6.283e-03
  0.1500   5.274e-01   6.144e-03
  0.1550   5.106e-01   6.017e-03
  0.1600   4.812e-01   5.930e-03
  0.1650   4.604e-01   5.798e-03
  0.1700   4.387e-01   5.912e-03
  0.1750   4.239e-01   6.066e-03
  0.1800   4.036e-01   6.116e-03
  0.1850   3.810e-01   6.161e-03
  0.1900   3.759e-01   6.177e-03
  0.1950   3.493e-01   6.123e-03
  0.2000   3.495e-01   6.212e-03
  0.2050   3.249e-01   6.562e-03
  0.2100   3.093e-01   6.788e-03
  0.2150   3.036e-01   6.919e-03
  0.2200   2.676e-01   5.646e-03
  0.2250   2.689e-01   5.457e-03
  0.2300   2.484e-01   5.321e-03
  0.2350   2.514e-01   5.295e-03
  0.2400   2.340e-01   5.077e-03
  0.2450   2.165e-01   4.983e-03
  0.2500   2.199e-01   5.025e-03
  0.2550   2.152e-01   4.947e-03
  0.2600   1.912e-01   4.884e-03
  0.2650   1.834e-01   5.057e-03
  0.2700   1.883e-01   5.297e-03
  0.2750   1.760e-01   5.015e-03
  0.2800   1.668e-01   5.308e-03
  0.2850   1.563e-01   5.263e-03
  0.2900   1.508e-01   5.134e-03
  0.2950   1.512e-01   5.077e-03
  0.3000   1.518e-01   5.186e-03
  0.3050   1.333e-01   4.992e-03
  0.3100   1.344e-01   5.016e-03
  0.3150   1.266e-01   5.010e-03
  0.3200   1.246e-01   4.832e-03
  0.3250   1.236e-01   4.812e-03
  0.3300   1.199e-01   4.854e-03
  0.3350   1.082e-01   4.807e-03
  0.3400   1.065e-01   4.670e-03
  0.3450   1.049e-01   4.522e-03
  0.3500   1.018e-01   4.622e-03
  0.3550   9.548e-02   4.372e-03
  0.3600   9.394e-02   4.457e-03
  0.3650   9.125e-02   4.437e-03
  0.3700   9.416e-02   4.217e-03
  0.3750   8.788e-02   4.269e-03
  0.3800   8.398e-02   4.266e-03
  0.3850   8.316e-02   4.134e-03
  0.3900   7.629e-02   4.157e-03
  0.3950   7.701e-02   4.087e-03
  0.4000   8.029e-02   4.140e-03
  0.4050   7.347e-02   3.966e-03
  0.4100   7.161e-02   4.064e-03
  0.4150   6.991e-02   3.970e-03
  0.4200   7.405e-02   3.866e-03
  0.4250   6.311e-02   3.920e-03
  0.4300   6.646e-02   3.729e-03
  0.4350   6.347e-02   3.817e-03
  0.4400   5.897e-02   3.755e-03
  0.4450   6.297e-02   3.813e-03
  0.4500   5.763e-02   3.666e-03
  0.4550   6.351e-02   3.663e-03
  0.4600   5.163e-02   3.706e-03
  0.4650   5.419e-02   3.495e-03
  0.4700   4.983e-02   3.622e-03
  0.4750   4.721e-02   3.622e-03
  0.4800   4.958e-02   3.543e-03
  0.4850   4.985e-02   3.468e-03
  0.4900   5.066e-02   3.527e-03
  0.4950   4.945e-02   3.472e-03
  0.5000   4.669e-02   3.462e-03
