     0.00700000    537114.3194155013
     0.00800000    536482.4942226609
     0.00900000    535767.5902698039
     0.01000000    534970.0415636714
     0.01100000    534090.3315803274
     0.01200000    533128.9927417345
     0.01300000    532086.6058405373
     0.01400000    530963.7994142658
     0.01500000    529761.2490699383
     0.01600000    528479.6767602296
     0.01700000    527119.8500125635
     0.01800000    525682.5811122702
     0.01900000    524168.7262414462
     0.02000000    522579.1845747202
     0.02100000    520914.8973336613
     0.02200000    519176.8468013336
     0.02300000    517366.0552985584
     0.02400000    515483.5841237643
     0.02500000    513530.5324580040
     0.02600000    511508.0362369752
     0.02700000    509417.2669918652
     0.02800000    507259.4306609267
     0.02900000    505035.7663734819
     0.03000000    502747.5452085494
     0.03100000    500396.0689296897
     0.03200000    497982.6686983241
     0.03300000    495508.7037671789
     0.03400000    492975.5601560515
     0.03500000    490384.6493116797
     0.03600000    487737.4067537545
     0.03700000    485035.2907089653
     0.03800000    482279.7807350650
     0.03900000    479472.3763367710
     0.04000000    476614.5955754595
     0.04100000    473707.9736745364
     0.04200000    470754.0616222257
     0.04300000    467754.4247736444
     0.04400000    464710.6414539561
     0.04500000    461624.3015642558
     0.04600000    458497.0051919074
     0.04700000    455330.3612270072
     0.04800000    452125.9859864853
     0.04900000    448885.5018474901
     0.05000000    445610.5358914469
     0.05200000    438963.6823264395
     0.05400000    432198.4853150170
     0.05600000    425327.9956713665
     0.05800000    418365.2142938175
     0.06000000    411323.0527081013
     0.06200000    404214.2949874116
     0.06400000    397051.5611610421
     0.06600000    389847.2722076240
     0.06800000    382613.6167142565
     0.07000000    375362.5192682511
     0.07200000    368105.6106345775
     0.07400000    360854.1997595231
     0.07600000    353619.2476291757
     0.07800000    346411.3430009507
     0.08000000    339240.6800169169
     0.08200000    332117.0376997144
     0.08400000    325049.7613248150
     0.08600000    318047.7456575017
     0.08800000    311119.4200384269
     0.09000000    304272.7352984425
     0.09200000    297515.1524812631
     0.09400000    290853.6333512680
     0.09600000    284294.6326634459
     0.09800000    277844.0921728185
     0.10000000    271507.4363614757
     0.10500000    256194.9475903176
     0.11000000    241685.8910388055
     0.11500000    228022.5977849425
     0.12000000    215227.8968313254
     0.12500000    203306.0910839774
     0.13000000    192244.3079134744
     0.13500000    182014.2064432290
     0.14000000    172574.0141201844
     0.14500000    163870.8521996046
     0.15000000    155843.2944563406
     0.15500000    148424.0871516429
     0.16000000    141542.9428130109
     0.16500000    135129.3076516179
     0.17000000    129114.9943067728
     0.17500000    123436.5696419758
     0.18000000    118037.3926108139
     0.18500000    112869.2102159107
     0.19000000    107893.2400276697
     0.19500000    103080.6945966694
     0.20000000     98412.7346878408
     0.20500000     93879.8723402223
     0.21000000     89480.8787113445
     0.21500000     85221.2827767285
     0.22000000     81111.5726312561
     0.22500000     77165.2291681377
     0.23000000     73396.7306760262
     0.23500000     69819.6655371246
     0.24000000     66445.0787224282
     0.24500000     63280.1570240514
     0.25000000     60327.3295969034
     0.25500000     57583.8267165467
     0.26000000     55041.7034617006
     0.26500000     52688.2992675342
     0.27000000     50507.0718773180
     0.27500000     48478.7177328083
     0.28000000     46582.4723282166
     0.28500000     44797.4748269239
     0.29000000     43104.0817942602
     0.29500000     41485.0248673024
     0.30000000     39926.3253920144
     0.30500000     38417.9036563555
     0.31000000     36953.8489855272
     0.31500000     35532.3470213817
     0.32000000     34155.2893346515
     0.32500000     32827.6156820933
     0.33000000     31556.4587133751
     0.33500000     30350.1733399747
     0.34000000     29217.3375842033
     0.34500000     28165.8085491641
     0.35000000     27201.9069094149
     0.35500000     26329.7873395479
     0.36000000     25551.0323479550
     0.36500000     24864.4851048074
     0.37000000     24266.3151469666
     0.37500000     23750.2912695153
     0.38000000     23308.2201189210
     0.38500000     22930.4981771259
     0.39000000     22606.7196175967
     0.39500000     22326.2829992884
     0.40000000     22078.9454720096
     0.40500000     21855.2831582088
     0.41000000     21647.0293648035
     0.41500000     21447.2767763187
     0.42000000     21250.5442568481
     0.42500000     21052.7219240352
     0.43000000     20850.9185790902
     0.43500000     20643.2425546129
     0.44000000     20428.5501548667
     0.44500000     20206.1951115042
     0.45000000     19975.8082560500
     0.45500000     19737.1296409085
     0.46000000     19489.9065774701
     0.46500000     19233.8615756171
     0.47000000     18968.7250358188
     0.47500000     18694.3197237120
     0.48000000     18410.6783039536
     0.48500000     18118.1720115447
     0.49000000     17817.6280776826
     0.49500000     17510.4156833024
     0.50000000     17198.4845955549
